0	0	480	4.8
0.01	3655 	380 	3.8
0.02	13776 	280 	2.8
0.03	20043 	190 	1.9
0.04	19484 	130 	1.3
0.05	18513 	90 	0.9
0.06	18013 	80 	0.8
0.07	17218 	80 	0.8
0.08	15335 	90 	0.9
0.09	13334 	90 	0.9
0.1	9774 	100 	1
0.11	1713 	160 	1.6
0.12	448 	290 	2.9
0.13	-6318 	450 	4.5
0.14	-25560 	640 	6.4
0.15	-26002 	840 	8.4
0.16	-26678 	1060 	10.6
0.17	-27061 	1290 	12.9
0.18	-27738 	1550 	15.5
0.19	-28032 	1810 	18.1
0.2	-28650 	2070 	20.7
0.21	-29032 	2340 	23.4
0.22	-29209 	2600 	26
0.23	-29709 	2850 	28.5
0.24	-29797 	3090 	30.9
0.25	-29709 	3330 	33.3
0.26	-29562 	3560 	35.6
0.27	-29474 	3790 	37.9
0.28	-29209 	3990 	39.9
0.29	-28915 	4180 	41.8
0.3	-28650 	4350 	43.5
0.31	-28179 	4520 	45.2
0.32	-27649 	4670 	46.7
0.33	-27355 	4790 	47.9
0.34	-26943 	4890 	48.9
0.35	-26502 	4960 	49.6
0.36	-25590 	4870 	48.7
0.37	-24384 	4690 	46.9
0.38	-23383 	4740 	47.4
0.39	-20823 	4740 	47.4
0.4	-12409 	4690 	46.9
0.41	-3876 	4940 	49.4
0.42	1213 	4800 	48
0.43	6538 	4630 	46.3
0.44	21543 	4440 	44.4
0.45	21837 	4230 	42.3
0.46	21779 	4010 	40.1
0.47	21896 	3780 	37.8
0.48	22249 	3530 	35.3
0.49	22367 	3270 	32.7
0.5	22544 	3020 	30.2
0.51	22661 	2760 	27.6
0.52	22750 	2500 	25
0.53	22808 	2240 	22.4
0.54	22838 	1990 	19.9
0.55	22779 	1740 	17.4
0.56	22691 	1510 	15.1
0.57	22514 	1280 	12.8
0.58	22279 	1070 	10.7
0.59	22102 	880 	8.8
0.6	21720 	710 	7.1
0.61	21543 	560 	5.6
0.62	21131 	430 	4.3
0.63	20867 	320 	3.2
0.64	20219 	220 	2.2
0.65	19896 	150 	1.5
0.66	19131 	100 	1
0.67	18719 	80 	0.8
0.68	18130 	80 	0.8
0.69	16424 	80 	0.8
0.7	14953 	90 	0.9
0.71	12393 	80 	0.8
0.72	2890 	120 	1.2
0.73	1360 	230 	2.3
0.74	-905 	370 	3.7
0.75	-23707 	550 	5.5
0.76	-26178 	750 	7.5
0.77	-26649 	960 	9.6
0.78	-26914 	1180 	11.8
0.79	-27385 	1420 	14.2
0.8	-27591 	1670 	16.7
0.81	-27885 	1930 	19.3
0.82	-28150 	2190 	21.9
0.83	-28297 	2450 	24.5
0.84	-28444 	2700 	27
0.85	-28473 	2950 	29.5
0.86	-28473 	3190 	31.9
0.87	-28208 	3430 	34.3
0.88	-28061 	3660 	36.6
0.89	-27944 	3870 	38.7
0.9	-27561 	4080 	40.8
0.91	-27355 	4260 	42.6
0.92	-26943 	4420 	44.2
0.93	-26678 	4580 	45.8
0.94	-26178 	4710 	47.1
0.95	-25825 	4830 	48.3
0.96	-25590 	4910 	49.1
0.97	-25090 	4980 	49.8
0.98	-24354 	5010 	50.1
0.99	-23795 	4750 	47.5
1	-22206 	5000 	50
1.01	-20588 	4740 	47.4
1.02	-12526 	5000 	50
1.03	212 	4910 	49.1
1.04	1124 	4770 	47.7
1.05	5832 	4600 	46
1.06	20749 	4410 	44.1
1.07	21367 	4200 	42
1.08	21749 	3970 	39.7
1.09	21955 	3710 	37.1
1.1	22249 	3500 	35
1.11	22367 	3240 	32.4
1.12	22573 	2990 	29.9
1.13	22691 	2730 	27.3
1.14	22750 	2480 	24.8
1.15	22808 	2220 	22.2
1.16	22779 	1970 	19.7
1.17	22750 	1730 	17.3
1.18	22691 	1500 	15
1.19	22367 	1280 	12.8
1.2	22249 	1070 	10.7
1.21	21955 	880 	8.8
1.22	21749 	710 	7.1
1.23	21367 	570 	5.7
1.24	21161 	440 	4.4
1.25	20602 	320 	3.2
1.26	20337 	230 	2.3
1.27	20043 	150 	1.5
1.28	19307 	110 	1.1
1.29	18895 	80 	0.8
1.3	17689 	80 	0.8
1.31	16895 	80 	0.8
1.32	15806 	90 	0.9
1.33	10069 	80 	0.8
1.34	4508 	110 	1.1
1.35	1830 	220 	2.2
1.36	-5406 	370 	3.7
1.37	-19294 	540 	5.4
1.38	-26267 	740 	7.4
1.39	-26502 	930 	9.3
1.4	-27002 	1130 	11.3
1.41	-27237 	1410 	14.1
1.42	-27620 	1660 	16.6
1.43	-27738 	1920 	19.2
1.44	-28061 	2170 	21.7
1.45	-28267 	2430 	24.3
1.46	-28297 	2690 	26.9
1.47	-28385 	2930 	29.3
1.48	-28326 	3130 	31.3
1.49	-28179 	3360 	33.6
1.5	-27973 	3640 	36.4
1.51	-27973 	3850 	38.5
1.52	-27591 	4060 	40.6
1.53	-27267 	4230 	42.3
1.54	-27061 	4410 	44.1
1.55	-26590 	4560 	45.6
1.56	-26384 	4660 	46.6
1.57	-25943 	4810 	48.1
1.58	-25443 	4910 	49.1
1.59	-25207 	4970 	49.7
1.6	-24560 	5000 	50
1.61	-23383 	4990 	49.9
1.62	-22559 	4910 	49.1
1.63	-19676 	5020 	50.2
1.64	-16087 	5010 	50.1
1.65	-1787 	4920 	49.2
1.66	1948 	4770 	47.7
1.67	9333 	4610 	46.1
1.68	18542 	4420 	44.2
1.69	21308 	4210 	42.1
1.7	21779 	3990 	39.9
1.71	22014 	3750 	37.5
1.72	22279 	3510 	35.1
1.73	22396 	3260 	32.6
1.74	22544 	3000 	30
1.75	22632 	2750 	27.5
1.76	22720 	2500 	25
1.77	22750 	2240 	22.4
1.78	22720 	1990 	19.9
1.79	22661 	1750 	17.5
1.8	22602 	1520 	15.2
1.81	22426 	1290 	12.9
1.82	22220 	1090 	10.9
1.83	22073 	900 	9
1.84	21690 	730 	7.3
1.85	21514 	580 	5.8
1.86	21131 	450 	4.5
1.87	20867 	340 	3.4
1.88	20278 	240 	2.4
1.89	19984 	160 	1.6
1.9	19601 	110 	1.1
1.91	18836 	90 	0.9
1.92	18336 	80 	0.8
1.93	16747 	80 	0.8
1.94	15571 	90 	0.9
1.95	13452 	90 	0.9
1.96	3831 	110 	1.1
1.97	1625 	200 	2
1.98	242 	320 	3.2
1.99	-7142 	480 	4.8
2	-25913 	670 	6.7
2.01	-26296 	870 	8.7
2.02	-26737 	1090 	10.9
2.03	-27237 	1320 	13.2
2.04	-27443 	1570 	15.7
2.05	-27738 	1830 	18.3
2.06	-27944 	2080 	20.8
2.07	-28150 	2340 	23.4
2.08	-28297 	2590 	25.9
2.09	-28385 	2840 	28.4
2.1	-28326 	3080 	30.8
2.11	-28208 	3320 	33.2
2.12	-28032 	3550 	35.5
2.13	-27855 	3770 	37.7
2.14	-27738 	3970 	39.7
2.15	-27443 	4170 	41.7
2.16	-27002 	4340 	43.4
2.17	-26796 	4540 	45.4
2.18	-26355 	4640 	46.4
2.19	-26119 	4770 	47.7
2.2	-25708 	4810 	48.1
2.21	-25149 	4940 	49.4
2.22	-24854 	4750 	47.5
2.23	-24060 	5010 	50.1
2.24	-22530 	4920 	49.2
2.25	-21736 	5020 	50.2
2.26	-16028 	4820 	48.2
2.27	-9467 	4980 	49.8
2.28	565 	4850 	48.5
2.29	1919 	4700 	47
2.3	18454 	4510 	45.1
2.31	20867 	4320 	43.2
2.32	21543 	4100 	41
2.33	21749 	3870 	38.7
2.34	22161 	3630 	36.3
2.35	22308 	3380 	33.8
2.36	22485 	3130 	31.3
2.37	22544 	2880 	28.8
2.38	22720 	2620 	26.2
2.39	22720 	2360 	23.6
2.4	22779 	2110 	21.1
2.41	22779 	1870 	18.7
2.42	22750 	1630 	16.3
2.43	22455 	1400 	14
2.44	22367 	1180 	11.8
2.45	22043 	980 	9.8
2.46	21896 	810 	8.1
2.47	21514 	650 	6.5
2.48	21308 	510 	5.1
2.49	21131 	390 	3.9
2.5	20513 	280 	2.8
2.51	20249 	200 	2
2.52	19601 	130 	1.3
2.53	19219 	100 	1
2.54	18277 	80 	0.8
2.55	17483 	80 	0.8
2.56	16659 	90 	0.9
2.57	13099 	90 	0.9
2.58	8627 	100 	1
2.59	3419 	140 	1.4
2.6	-52 	260 	2.6
2.61	-8849 	420 	4.2
2.62	-22177 	600 	6
2.63	-26296 	800 	8
2.64	-26531 	1010 	10.1
2.65	-27061 	1250 	12.5
2.66	-27296 	1500 	15
2.67	-27620 	1750 	17.5
2.68	-27973 	2000 	20
2.69	-28061 	2190 	21.9
2.7	-28267 	2520 	25.2
2.71	-28385 	2770 	27.7
2.72	-28356 	3010 	30.1
2.73	-28238 	3260 	32.6
2.74	-28120 	3490 	34.9
2.75	-27885 	3720 	37.2
2.76	-27738 	3920 	39.2
2.77	-27532 	4120 	41.2
2.78	-27179 	4300 	43
2.79	-26767 	4460 	44.6
2.8	-26531 	4610 	46.1
2.81	-26061 	4740 	47.4
2.82	-25855 	4840 	48.4
2.83	-25354 	4910 	49.1
2.84	-24737 	4980 	49.8
2.85	-24354 	4720 	47.2
2.86	-23089 	4880 	48.8
2.87	-21294 	5020 	50.2
2.88	-18911 	5000 	50
2.89	-7672 	5000 	50
2.9	-758 	4890 	48.9
2.91	2713 	4750 	47.5
2.92	11422 	4560 	45.6
2.93	20925 	4370 	43.7
2.94	21278 	4150 	41.5
2.95	21808 	3930 	39.3
2.96	22043 	3690 	36.9
2.97	22308 	3400 	34
2.98	22396 	3190 	31.9
2.99	22573 	2940 	29.4
3	22691 	2680 	26.8
3.01	22779 	2420 	24.2
3.02	22779 	2170 	21.7
3.03	22720 	1920 	19.2
3.04	22661 	1680 	16.8
3.05	22602 	1450 	14.5
3.06	22338 	1230 	12.3
3.07	22161 	1030 	10.3
3.08	21837 	840 	8.4
3.09	21631 	680 	6.8
3.1	21249 	540 	5.4
3.11	21072 	410 	4.1
3.12	20778 	300 	3
3.13	20219 	210 	2.1
3.14	19866 	140 	1.4
3.15	19131 	100 	1
3.16	18719 	80 	0.8
3.17	17336 	80 	0.8
3.18	16483 	80 	0.8
3.19	15070 	90 	0.9
3.2	7656 	80 	0.8
3.21	2890 	120 	1.2
3.22	1360 	230 	2.3
3.23	-699 	370 	3.7
3.24	-23383 	550 	5.5
3.25	-26090 	740 	7.4
3.26	-26561 	840 	8.4
3.27	-26796 	1170 	11.7
3.28	-27296 	1410 	14.1
3.29	-27502 	1660 	16.6
3.3	-27767 	1920 	19.2
3.31	-28061 	2170 	21.7
3.32	-28208 	2430 	24.3
3.33	-28267 	2680 	26.8
3.34	-28356 	2930 	29.3
3.35	-28356 	3160 	31.6
3.36	-28091 	3350 	33.5
3.37	-27973 	3640 	36.4
3.38	-27855 	3850 	38.5
3.39	-27502 	4050 	40.5
3.4	-27385 	4230 	42.3
3.41	-26973 	4400 	44
3.42	-26737 	4550 	45.5
3.43	-26296 	4690 	46.9
3.44	-25825 	4810 	48.1
3.45	-25590 	4900 	49
3.46	-25031 	4970 	49.7
3.47	-24325 	4760 	47.6
3.48	-23825 	4780 	47.8
3.49	-22265 	5010 	50.1
3.5	-21235 	5020 	50.2
3.51	-14792 	5000 	50
3.52	-699 	4940 	49.4
3.53	712 	4810 	48.1
3.54	2978 	4650 	46.5
3.55	19513 	4460 	44.6
3.56	20896 	4260 	42.6
3.57	21543 	4040 	40.4
3.58	21808 	3810 	38.1
3.59	22161 	3560 	35.6
3.6	22396 	3320 	33.2
3.61	22514 	3060 	30.6
3.62	22661 	2810 	28.1
3.63	22691 	2560 	25.6
3.64	22720 	2310 	23.1
3.65	22720 	2060 	20.6
3.66	22661 	1810 	18.1
3.67	22691 	1580 	15.8
3.68	22426 	1350 	13.5
3.69	22367 	1140 	11.4
3.7	22043 	940 	9.4
3.71	21837 	770 	7.7
3.72	21484 	620 	6.2
3.73	21278 	480 	4.8
3.74	20808 	360 	3.6
3.75	20484 	260 	2.6
3.76	20249 	180 	1.8
3.77	19543 	120 	1.2
3.78	19160 	90 	0.9
3.79	18189 	80 	0.8
3.8	17395 	80 	0.8
3.81	16571 	90 	0.9
3.82	12775 	90 	0.9
3.83	7980 	100 	1
3.84	3096 	160 	1.6
3.85	-375 	290 	2.9
3.86	-10026 	460 	4.6
3.87	-26031 	650 	6.5
3.88	-26296 	840 	8.4
3.89	-26767 	1060 	10.6
3.9	-27061 	1290 	12.9
3.91	-27443 	1540 	15.4
3.92	-27561 	1790 	17.9
3.93	-27914 	2050 	20.5
3.94	-28120 	2310 	23.1
3.95	-28179 	2560 	25.6
3.96	-28356 	2810 	28.1
3.97	-28297 	3050 	30.5
3.98	-28179 	3220 	32.2
3.99	-27973 	3520 	35.2
4	-27855 	3730 	37.3
4.01	-27649 	3950 	39.5
4.02	-27385 	4140 	41.4
4.03	-27149 	4320 	43.2
4.04	-26737 	4480 	44.8
4.05	-26531 	4620 	46.2
4.06	-26090 	4750 	47.5
4.07	-25619 	4850 	48.5
4.08	-25354 	4680 	46.8
4.09	-24766 	4990 	49.9
4.1	-23942 	4730 	47.3
4.11	-23207 	5020 	50.2
4.12	-21500 	5020 	50.2
4.13	-19441 	4720 	47.2
4.14	-9025 	4990 	49.9
4.15	595 	4880 	48.8
4.16	2095 	4740 	47.4
4.17	9774 	4570 	45.7
4.18	20778 	4380 	43.8
4.19	21190 	4160 	41.6
4.2	21720 	3940 	39.4
4.21	21985 	3650 	36.5
4.22	22279 	3430 	34.3
4.23	22367 	3210 	32.1
4.24	22544 	2960 	29.6
4.25	22632 	2700 	27
4.26	22691 	2440 	24.4
4.27	22750 	2190 	21.9
4.28	22750 	1950 	19.5
4.29	22661 	1710 	17.1
4.3	22573 	1470 	14.7
4.31	22367 	1250 	12.5
4.32	22220 	1050 	10.5
4.33	21926 	860 	8.6
4.34	21690 	700 	7
4.35	21308 	550 	5.5
4.36	21161 	420 	4.2
4.37	20896 	310 	3.1
4.38	20249 	220 	2.2
4.39	19954 	150 	1.5
4.4	19219 	100 	1
4.41	18807 	80 	0.8
4.42	17512 	80 	0.8
4.43	16718 	80 	0.8
4.44	15453 	90 	0.9
4.45	8862 	80 	0.8
4.46	3596 	120 	1.2
4.47	1625 	220 	2.2
4.48	65.65 	370 	3.7
4.49	-21765 	550 	5.5
4.5	-25972 	740 	7.4
4.51	-26502 	910 	9.1
4.52	-26767 	1170 	11.7
4.53	-27237 	1410 	14.1
4.54	-27561 	1650 	16.5
4.55	-27708 	1910 	19.1
4.56	-27973 	2170 	21.7
4.57	-28120 	2420 	24.2
4.58	-28267 	2680 	26.8
4.59	-28297 	2920 	29.2
4.6	-28326 	3160 	31.6
4.61	-28120 	3400 	34
4.62	-27885 	3620 	36.2
4.63	-27855 	3840 	38.4
4.64	-27532 	4040 	40.4
4.65	-27385 	4230 	42.3
4.66	-27032 	4390 	43.9
4.67	-26561 	4550 	45.5
4.68	-26325 	4680 	46.8
4.69	-25855 	4800 	48
4.7	-25384 	4890 	48.9
4.71	-25090 	4930 	49.3
4.72	-24413 	4890 	48.9
4.73	-24001 	4750 	47.5
4.74	-22442 	4800 	48
4.75	-19764 	5020 	50.2
4.76	-16234 	4730 	47.3
4.77	-2317 	4950 	49.5
4.78	477 	4820 	48.2
4.79	8156 	4660 	46.6
4.8	17748 	4470 	44.7
4.81	21102 	4270 	42.7
4.82	21426 	4040 	40.4
4.83	21955 	3810 	38.1
4.84	22132 	3580 	35.8
4.85	22338 	3320 	33.2
4.86	22485 	3050 	30.5
4.87	22632 	2820 	28.2
4.88	22691 	2560 	25.6
4.89	22779 	2310 	23.1
4.9	22750 	2060 	20.6
4.91	22691 	1810 	18.1
4.92	22661 	1580 	15.8
4.93	22455 	1350 	13.5
4.94	22190 	1140 	11.4
4.95	22043 	950 	9.5
4.96	21690 	780 	7.8
4.97	21514 	620 	6.2
4.98	21308 	490 	4.9
4.99	20925 	370 	3.7
5	20572 	260 	2.6
5.01	19984 	180 	1.8
5.02	19660 	120 	1.2
5.03	18895 	90 	0.9
5.04	18424 	80 	0.8
5.05	17660 	80 	0.8
5.06	15747 	90 	0.9
5.07	13776 	90 	0.9
5.08	9833 	100 	1
5.09	1772 	160 	1.6
5.1	477 	280 	2.8
5.11	-5965 	430 	4.3
5.12	-25737 	620 	6.2
5.13	-26237 	820 	8.2
5.14	-26708 	1030 	10.3
5.15	-26973 	1270 	12.7
5.16	-27414 	1510 	15.1
5.17	-27561 	1760 	17.6
5.18	-27855 	2010 	20.1
5.19	-28091 	2270 	22.7
5.2	-28150 	2530 	25.3
5.21	-28326 	2780 	27.8
5.22	-28356 	3020 	30.2
5.23	-28297 	3260 	32.6
5.24	-28061 	3490 	34.9
5.25	-27944 	3720 	37.2
5.26	-27767 	3930 	39.3
5.27	-27443 	4120 	41.2
5.28	-27267 	4300 	43
5.29	-26884 	4460 	44.6
5.3	-26384 	4610 	46.1
5.31	-26149 	4740 	47.4
5.32	-25708 	4840 	48.4
5.33	-25413 	4790 	47.9
5.34	-24854 	4990 	49.9
5.35	-24030 	4720 	47.2
5.36	-23383 	5010 	50.1
5.37	-21765 	5020 	50.2
5.38	-16763 	4730 	47.3
5.39	-10967 	4990 	49.9
5.4	418 	4890 	48.9
5.41	1389 	4740 	47.4
5.42	17159 	4560 	45.6
5.43	20602 	4370 	43.7
5.44	21396 	4160 	41.6
5.45	21661 	3930 	39.3
5.46	22102 	3700 	37
5.47	22249 	3420 	34.2
5.48	22455 	3200 	32
5.49	22514 	2940 	29.4
5.5	22691 	2690 	26.9
5.51	22691 	2430 	24.3
5.52	22750 	2180 	21.8
5.53	22750 	1940 	19.4
5.54	22691 	1700 	17
5.55	22632 	1470 	14.7
5.56	22338 	1250 	12.5
5.57	22190 	1040 	10.4
5.58	21955 	860 	8.6
5.59	21749 	700 	7
5.6	21337 	550 	5.5
5.61	21161 	420 	4.2
5.62	20602 	310 	3.1
5.63	20337 	220 	2.2
5.64	19690 	150 	1.5
5.65	19337 	100 	1
5.66	18925 	80 	0.8
5.67	17748 	80 	0.8
5.68	16924 	80 	0.8
5.69	13952 	90 	0.9
5.7	10245 	80 	0.8
5.71	4655 	120 	1.2
5.72	1889 	230 	2.3
5.73	-4847 	380 	3.8
5.74	-18705 	560 	5.6
5.75	-26208 	760 	7.6
5.76	-26443 	960 	9.6
5.77	-26943 	1180 	11.8
5.78	-27208 	1420 	14.2
5.79	-27502 	1670 	16.7
5.8	-27826 	1920 	19.2
5.81	-27944 	2180 	21.8
5.82	-28238 	2440 	24.4
5.83	-28297 	2690 	26.9
5.84	-28414 	2940 	29.4
5.85	-28326 	3180 	31.8
5.86	-28208 	3410 	34.1
5.87	-28002 	3640 	36.4
5.88	-27826 	3860 	38.6
5.89	-27649 	4060 	40.6
5.9	-27296 	4240 	42.4
5.91	-27061 	4410 	44.1
5.92	-26620 	4560 	45.6
5.93	-26178 	4570 	45.7
5.94	-25913 	4810 	48.1
5.95	-25443 	4900 	49
5.96	-24854 	4970 	49.7
5.97	-24472 	4720 	47.2
5.98	-23442 	5020 	50.2
5.99	-22559 	4680 	46.8
6	-20059 	4750 	47.5
6.01	-11497 	4790 	47.9
6.02	-3259 	4830 	48.3
6.03	1213 	4790 	47.9
6.04	6391 	4620 	46.2
6.05	20484 	4430 	44.3
6.06	21043 	4230 	42.3
6.07	21602 	4000 	40
6.08	21867 	3770 	37.7
6.09	22220 	3530 	35.3
6.1	22308 	3250 	32.5
6.11	22485 	3030 	30.3
6.12	22573 	2780 	27.8
6.13	22661 	2530 	25.3
6.14	22691 	2280 	22.8
6.15	22720 	2030 	20.3
6.16	22691 	1790 	17.9
6.17	22661 	1560 	15.6
6.18	22338 	1340 	13.4
6.19	22220 	1130 	11.3
6.2	21955 	940 	9.4
6.21	21749 	770 	7.7
6.22	21337 	620 	6.2
6.23	21161 	490 	4.9
6.24	20955 	380 	3.8
6.25	20307 	310 	3.1
6.26	19837 	250 	2.5
6.27	18719 	210 	2.1
6.28	18248 	180 	1.8
6.29	17454 	160 	1.6
6.3	17071 	140 	1.4
6.31	16718 	130 	1.3
6.32	15953 	120 	1.2
6.33	15541 	120 	1.2
6.34	14541 	110 	1.1
6.35	13952 	110 	1.1
6.36	12746 	110 	1.1
6.37	12040 	110 	1.1
6.38	11246 	110 	1.1
6.39	9539 	110 	1.1
6.4	8862 	100 	1
6.41	7656 	100 	1
6.42	7126 	100 	1
6.43	6656 	100 	1
6.44	5802 	100 	1
6.45	5449 	100 	1
6.46	5096 	100 	1
6.47	4508 	100 	1
6.48	4243 	100 	1
6.49	4008 	100 	1
6.5	3596 	100 	1
6.51	3419 	100 	1
6.52	3243 	100 	1
6.53	2949 	100 	1
6.54	2801 	100 	1
6.55	2684 	100 	1
6.56	2448 	100 	1
6.57	2331 	100 	1
6.58	2242 	100 	1
6.59	2066 	100 	1
6.6	1978 	100 	1
6.61	1889 	100 	1
6.62	1713 	100 	1
6.63	1625 	100 	1
6.64	1566 	100 	1
6.65	1419 	100 	1
6.66	1389 	100 	1
6.67	1360 	100 	1
6.68	1301 	100 	1
6.69	1301 	100 	1
6.7	1301 	100 	1
6.71	1271 	100 	1
6.72	1213 	100 	1
6.73	1183 	90 	0.9
6.74	1183 	100 	1
6.75	1183 	100 	1
6.76	1154 	100 	1
6.77	1154 	100 	1
6.78	1065 	0 	0
